Feature:瀑布流发现浏览
  小明进入发现页面，浏览其他科研人员的个人主页。希望能够一目了然的快速看到都有那些人创建了主页，并且希望看到他们的主页样式是什么样子的。
  
  Scenario: 按最新创建主页浏览
      Given 个人主页列表是:
      | page_id  | name    | created_time   |
      | 103      | xiaoming| 2012-2-11 1:00 |
      | 10       |   lilei | 2012-5-12 18:00|
      | 1        | wanghai | 2012-3-12 12:00|
      | 5        |    Lily | 2012-7-12 12:00|
      | 7        |    kevin| 2012-8-12 12:00|
      When  小明进入"最新创建主页浏览"
      Then  小明看到按照瀑布流样式样式c2.css排列的最新创建个人主页展示列表:
      | page_id  | name    | created_time   |
      | 7        |    kevin| 2012-8-12 12:00|
      | 5        |    Lily | 2012-7-12 12:00|
      | 10       |   lilei | 2012-5-12 18:00|
      | 1        | wanghai | 2012-3-12 12:00|
      | 103      | xiaoming| 2012-2-11 1:00 |
